A,B,C,D,E,F,G,H,I,J,K,L,M,N,O,P,Q,R,S,T,U,V,W,X,Y,Z,0,1,2,3,4,5,6,7,8,9
36
34
1,1,1,1,1,1,1,1,1,1,1,1,1,1,1,1,1,1,1,1,1,1,1,1,1,1,35,35,35,35,35,35,35,35,35,35
2,35,35,35,2,35,35,35,2,35,35,35,35,35,2,35,35,35,35,35,2,35,35,35,35,35,35,35,35,35,35,35,35,35,35,35
3,3,3,3,3,3,3,3,3,3,3,3,3,3,3,3,3,3,3,3,3,3,3,3,3,3,35,35,35,35,35,35,35,35,35,35
4,4,4,4,4,4,4,4,4,4,4,4,4,4,4,4,4,4,4,4,4,4,4,4,4,4,35,35,35,35,35,35,35,35,35,35
35,35,35,35,35,35,35,35,35,35,35,35,35,35,35,35,35,35,35,35,35,35,35,35,35,35,5,5,5,5,5,5,5,5,5,5
35,35,35,35,35,35,35,35,35,35,35,35,35,35,35,35,35,35,35,35,35,35,35,35,35,35,6,6,6,6,6,6,6,6,6,6
35,35,35,35,35,35,35,35,35,35,35,35,35,35,35,35,35,35,35,35,35,35,35,35,35,35,7,8,35,35,35,35,35,35,35,35
35,35,35,35,35,35,35,35,35,35,35,35,35,35,35,35,35,35,35,35,35,35,35,35,35,35,35,9,9,9,9,9,9,9,9,9
35,35,35,35,35,35,35,35,35,35,35,35,35,35,35,35,35,35,35,35,35,35,35,35,35,35,9,9,9,35,35,35,35,35,35,35
35,35,35,35,35,35,35,35,35,35,35,35,35,35,35,35,35,35,35,35,35,35,35,35,35,35,11,10,10,12,35,35,35,35,35,35
35,35,35,35,35,35,35,35,35,35,35,35,35,35,35,35,35,35,35,35,35,35,35,35,35,35,13,13,13,13,13,13,13,13,13,13
35,35,35,35,35,35,35,35,35,35,35,35,35,35,35,35,35,35,35,35,35,35,35,35,35,35,35,13,13,13,13,13,13,13,13,13
35,35,35,35,35,35,35,35,35,35,35,35,35,35,35,35,35,35,35,35,35,35,35,35,35,35,13,13,35,35,35,35,35,35,35,35
35,35,35,35,35,35,35,14,35,35,35,35,14,35,35,35,35,35,35,35,35,35,35,35,35,35,35,35,35,35,35,35,35,35,35,35
15,16,17,18,35,35,19,20,35,21,35,35,22,23,21,24,19,35,25,26,35,27,35,35,28,15,35,35,35,35,35,35,35,35,35,35
35,35,35,35,35,35,35,35,35,35,35,35,35,35,35,35,35,35,29,35,35,35,35,35,35,35,35,35,35,35,35,35,35,35,35,35
35,35,29,35,35,35,35,35,35,35,35,35,35,35,35,35,35,35,29,35,35,35,35,35,35,35,35,35,35,35,35,35,35,35,35,35
35,35,29,35,35,35,35,29,35,35,35,29,29,35,35,35,35,35,29,35,35,35,35,35,35,35,35,35,35,35,35,35,35,35,35,35
35,35,35,35,35,29,29,35,35,35,35,35,35,35,35,35,35,35,35,35,35,35,35,35,35,35,35,35,35,35,35,35,35,35,35,35
35,35,35,35,35,35,35,35,35,35,35,35,35,35,35,35,35,29,35,29,35,35,35,35,35,35,35,35,35,35,35,35,35,35,35,35
35,35,35,35,35,35,29,35,35,35,35,35,35,35,35,35,35,35,35,35,35,35,35,35,35,35,35,35,35,35,35,35,35,35,35,35
35,35,29,35,35,35,35,35,35,35,35,35,35,35,35,35,35,35,35,35,35,35,35,35,35,35,35,35,35,35,35,35,35,35,35,35
35,35,29,35,35,35,35,35,35,35,35,35,35,29,35,35,35,35,29,35,35,35,35,35,35,35,35,35,35,35,35,35,35,35,35,35
35,35,35,35,29,35,35,35,35,35,35,29,35,35,35,35,35,35,35,29,35,35,35,35,35,35,35,35,35,35,35,35,35,35,35,35
35,35,35,35,35,35,35,35,35,35,35,29,35,35,35,35,35,35,35,35,35,35,35,35,35,35,35,35,35,35,35,35,35,35,35,35
35,35,35,35,35,35,35,35,35,35,35,29,35,35,35,29,35,29,35,35,35,35,35,35,35,35,35,35,35,35,35,35,35,35,35,35
35,35,29,35,35,35,35,35,35,35,35,29,35,35,35,35,35,35,29,35,35,35,35,35,35,35,35,35,35,35,35,35,35,35,35,35
35,35,35,35,35,35,35,35,35,35,35,35,35,35,35,35,35,35,35,35,35,35,35,35,35,29,35,35,35,35,35,35,35,35,35,35
35,35,35,35,35,35,35,35,35,35,35,35,35,29,35,35,35,35,35,35,35,35,35,35,35,35,35,35,35,35,35,35,35,35,35,35
35,30,30,30,35,30,30,30,35,30,30,30,30,30,35,30,30,30,30,30,35,30,30,30,30,30,35,35,35,35,35,35,35,35,35,35
35,31,31,31,35,31,31,31,35,31,31,31,31,31,35,31,31,31,31,31,35,31,31,31,31,31,35,35,35,35,35,35,35,35,35,35
35,32,32,32,35,32,32,32,35,32,32,32,32,32,35,32,32,32,32,32,35,32,32,32,32,32,35,35,35,35,35,35,35,35,35,35
33,33,33,33,33,33,33,33,33,33,33,33,33,33,33,33,33,33,33,33,33,33,33,33,33,33,33,33,33,33,33,33,33,33,33,33
35,35,35,35,35,35,35,35,35,35,35,35,35,35,35,35,35,35,35,35,35,35,35,35,35,35,34,34,34,34,34,34,34,34,34,34
35,35,35,35,35,35,35,35,35,35,35,35,35,35,35,35,35,35,35,35,35,35,35,35,35,35,35,35,35,35,35,35,35,35,35,35
35,35,35,35,35,35,35,35,35,35,35,35,35,35,35,35,35,35,35,35,35,35,35,35,35,35,35,35,35,35,35,35,35,35,35,35